									重度γ	19.4				等效内摩擦角α			
									cotβ	0.48 				5.0000 		0.0875 	
									φ内摩擦角	27							
									c粘聚力KPA	23							
									δ外摩擦角	18.00 							
									H墙高m	10							
									tanε=s/H	0.0000 							
									ε	0.0000 							
									α	64.14 							
									λ1	-1.19747 							
																	
内摩擦角	墙土摩擦角	等效内摩擦角α								黏聚力							
		5	10	15	20	25	30	35		0.00 	5.00 	10	15	20	25	30	35.00 
									本文方法破裂角								
5	3.33 	11.05 	16.86 	22.34 	27.42 	32.07 	36.29 	40.10 		40.87 	38.28 	37.78 	38.16 	39.06 	40.33 	41.92 	
10	0.00 	16.14 	21.91 	27.26 	32.14 	36.55 	40.50 	44.04 		50.00 	46.85 	45.79 	45.77 	46.41 	47.51 	49.01 	50.85 
15	0.00 	21.14 	26.81 	31.97 	36.61 	40.75 	44.43 	47.70 		52.50 	50.69 	50.15 	50.36 	51.11 	52.29 	53.83 	55.70 
20	10.00 	26.06 	31.56 	36.48 	40.85 	44.71 	48.11 	51.12 		51.06 	50.87 	51.17 	51.87 	52.91 	54.25 	55.90 	57.86 
25	16.67 	30.91 	36.18 	40.82 	44.89 	48.46 	51.59 	54.34 		53.01 	53.24 	53.81 		55.81 		58.95 	
30	20.00 	35.69 	40.66 	45.00 	48.76 	52.03 	54.89 	57.39 		55.98 	56.40 	57.10 	58.07 	59.29 	60.79 	62.58 	64.69 
35	23.33 	40.39 	45.04 	49.04 	52.48 	55.46 	58.05 	60.31 		58.94 	59.50 	60.30 		62.66 		66.09 	
40	40.00 	45.03 	49.32 	52.97 	56.09 	58.77 	61.10 	63.13 		60.43 	61.12 	61.99 	63.07 	64.38 	65.99 	67.95 	70.38 
																	
																	
									Rankine solution 	47.50 							
										50.00 							
										52.50 							
										55.00 							
										57.50 							
										60.00 							
										62.50 							
										65.00 							
																	
									Coulomb solution 								
										40.87 		1.30 		0.8652 			
										50.00 							
										52.50 							
										51.05 							
										53.00 							
										55.97 							
										58.93 							
										60.41 							
																	
																	
									RAO 2016	66.77 							
										50.00 							
										52.50 							
										65.26 							
										70.55 							
										71.59 							
										72.68 							
										90.02 							
